{
   "cost": {
      "n": 964,
      "min": 0.00027,
      "max": 0.00027,
      "sum": 0.26027999999999757,
      "mean": 0.00027,
      "variance": 0,
      "standard_deviation": 0
   },
   "throughput": {
      "n": 964,
      "min": 0,
      "max": 14,
      "sum": 6946,
      "mean": 7.205394190871366,
      "variance": 15.44329040477955,
      "standard_deviation": 3.92979521155741
   },
   "thread": {
      "n": 964,
      "min": 0,
      "max": 0,
      "sum": 0,
      "mean": 0,
      "variance": 0,
      "standard_deviation": 0
   }
}