{
   "cost": {
      "n": 1083,
      "min": 0.00013,
      "max": 0.00017,
      "sum": 0.15419000000000135,
      "mean": 0.00014237303785780261,
      "variance": 3.4182944848148456e-10,
      "standard_deviation": 0.00001848863024892554
   },
   "throughput": {
      "n": 1083,
      "min": 0,
      "max": 15,
      "sum": 7300,
      "mean": 6.740535549399802,
      "variance": 20.28078530875471,
      "standard_deviation": 4.50341929080057
   },
   "thread": {
      "n": 1083,
      "min": 0,
      "max": 0,
      "sum": 0,
      "mean": 0,
      "variance": 0,
      "standard_deviation": 0
   }
}