{
   "cost": {
      "n": 1109,
      "min": 0.00013,
      "max": 0.00017,
      "sum": 0.15396999999999952,
      "mean": 0.0001388367899008118,
      "variance": 2.753827402813767e-10,
      "standard_deviation": 0.000016594659992942812
   },
   "throughput": {
      "n": 1109,
      "min": 0,
      "max": 16,
      "sum": 7860,
      "mean": 7.08746618575294,
      "variance": 41.123999801606836,
      "standard_deviation": 6.412799685130266
   },
   "thread": {
      "n": 1109,
      "min": 0,
      "max": 0,
      "sum": 0,
      "mean": 0,
      "variance": 0,
      "standard_deviation": 0
   }
}