{
   "cost": {
      "n": 844,
      "min": 0.00013,
      "max": 0.00017,
      "sum": 0.11940000000000148,
      "mean": 0.00014146919431279635,
      "variance": 3.2722535432717104e-10,
      "standard_deviation": 0.00001808937130823432
   },
   "throughput": {
      "n": 844,
      "min": 0,
      "max": 16,
      "sum": 7669,
      "mean": 9.086492890995265,
      "variance": 36.197495283124844,
      "standard_deviation": 6.0164354299805165
   },
   "thread": {
      "n": 844,
      "min": 0,
      "max": 0,
      "sum": 0,
      "mean": 0,
      "variance": 0,
      "standard_deviation": 0
   }
}