{
   "cost": {
      "n": 1892,
      "min": 0.00013,
      "max": 0.00017,
      "sum": 0.259319999999996,
      "mean": 0.0001370613107822408,
      "variance": 2.3259032132624584e-10,
      "standard_deviation": 0.000015250912147351904
   },
   "throughput": {
      "n": 1892,
      "min": 0,
      "max": 16,
      "sum": 7696,
      "mean": 4.0676532769556015,
      "variance": 36.905571025660564,
      "standard_deviation": 6.074995557665912
   },
   "thread": {
      "n": 1892,
      "min": 0,
      "max": 0,
      "sum": 0,
      "mean": 0,
      "variance": 0,
      "standard_deviation": 0
   }
}