{
   "cost": {
      "n": 881,
      "min": 0.0002,
      "max": 0.00023,
      "sum": 0.1860400000000019,
      "mean": 0.0002111691259931897,
      "variance": 2.1032440434394308e-10,
      "standard_deviation": 0.000014502565440084836
   },
   "throughput": {
      "n": 881,
      "min": 0,
      "max": 16,
      "sum": 7666,
      "mean": 8.701475595913738,
      "variance": 34.391019389018545,
      "standard_deviation": 5.86438567874066
   },
   "thread": {
      "n": 881,
      "min": 0,
      "max": 0,
      "sum": 0,
      "mean": 0,
      "variance": 0,
      "standard_deviation": 0
   }
}