{
   "cost": {
      "n": 1793,
      "min": 0.00013,
      "max": 0.00017,
      "sum": 0.2358899999999948,
      "mean": 0.00013156162855549355,
      "variance": 6.002645847441064e-11,
      "standard_deviation": 0.00000774767439135194
   },
   "throughput": {
      "n": 1793,
      "min": 0,
      "max": 18,
      "sum": 4697,
      "mean": 2.619631901840498,
      "variance": 21.718119886812723,
      "standard_deviation": 4.660270366278412
   },
   "thread": {
      "n": 1793,
      "min": 0,
      "max": 0,
      "sum": 0,
      "mean": 0,
      "variance": 0,
      "standard_deviation": 0
   }
}