{
   "cost": {
      "n": 842,
      "min": 0.00027,
      "max": 0.00027,
      "sum": 0.2273399999999985,
      "mean": 0.00027,
      "variance": 0,
      "standard_deviation": 0
   },
   "throughput": {
      "n": 842,
      "min": 0,
      "max": 16,
      "sum": 4578,
      "mean": 5.437054631828976,
      "variance": 29.395681586088994,
      "standard_deviation": 5.421778452324384
   },
   "thread": {
      "n": 842,
      "min": 0,
      "max": 0,
      "sum": 0,
      "mean": 0,
      "variance": 0,
      "standard_deviation": 0
   }
}