{
   "cost": {
      "n": 844,
      "min": 0.00027,
      "max": 0.00027,
      "sum": 0.22787999999999847,
      "mean": 0.00027,
      "variance": 0,
      "standard_deviation": 0
   },
   "throughput": {
      "n": 844,
      "min": 0,
      "max": 18,
      "sum": 6723,
      "mean": 7.965639810426545,
      "variance": 20.061615585903276,
      "standard_deviation": 4.479019489341755
   },
   "thread": {
      "n": 844,
      "min": 0,
      "max": 0,
      "sum": 0,
      "mean": 0,
      "variance": 0,
      "standard_deviation": 0
   }
}