{
   "PapamoscasElastic": {
      "error": 0.04699074074074074,
      "t1": 98.10951524857835,
      "t2": 98.05998207650873,
      "cost": 0.0002040871369294629
   },
   "PapamoscasElasticOnlyOneLevelPreProvisioned": {
      "error": 0.0002314814814814815,
      "t1": 99.72298852530555,
      "t2": 99.85988995036215,
      "cost": 0.00026999999999999914
   },
   "PapamoscasElasticOnlyOneLevel": {
      "error": 0.13784722222222223,
      "t1": 92.44207073602178,
      "t2": 90.52270126369078,
      "cost": 0.00013041782729805018
   }
}