{
   "cost": {
      "n": 723,
      "min": 0.00027,
      "max": 0.00027,
      "sum": 0.19520999999999938,
      "mean": 0.00027,
      "variance": 0,
      "standard_deviation": 0
   },
   "throughput": {
      "n": 723,
      "min": 0,
      "max": 14,
      "sum": 3651,
      "mean": 5.049792531120328,
      "variance": 13.06529387120287,
      "standard_deviation": 3.614594565259411
   },
   "thread": {
      "n": 723,
      "min": 0,
      "max": 0,
      "sum": 0,
      "mean": 0,
      "variance": 0,
      "standard_deviation": 0
   }
}