{
   "cost": {
      "n": 780,
      "min": 0.0002,
      "max": 0.00023,
      "sum": 0.16395000000000112,
      "mean": 0.00021019230769230764,
      "variance": 2.018860946745564e-10,
      "standard_deviation": 0.000014208662663127603
   },
   "throughput": {
      "n": 780,
      "min": 0,
      "max": 17,
      "sum": 6721,
      "mean": 8.616666666666678,
      "variance": 26.415876068376075,
      "standard_deviation": 5.139637737076036
   },
   "thread": {
      "n": 780,
      "min": 0,
      "max": 0,
      "sum": 0,
      "mean": 0,
      "variance": 0,
      "standard_deviation": 0
   }
}