{
   "cost": {
      "n": 767,
      "min": 0.00013,
      "max": 0.0002,
      "sum": 0.11656000000000154,
      "mean": 0.0001519687092568449,
      "variance": 4.3719328425314547e-10,
      "standard_deviation": 0.000020909167469154422
   },
   "throughput": {
      "n": 767,
      "min": 0,
      "max": 17,
      "sum": 6722,
      "mean": 8.764015645371586,
      "variance": 25.854350497799533,
      "standard_deviation": 5.084717346893486
   },
   "thread": {
      "n": 767,
      "min": 0,
      "max": 0,
      "sum": 0,
      "mean": 0,
      "variance": 0,
      "standard_deviation": 0
   }
}