{
   "cost": {
      "n": 739,
      "min": 0.0002,
      "max": 0.00023,
      "sum": 0.15887000000000115,
      "mean": 0.00021497970230040594,
      "variance": 2.2499958800339167e-10,
      "standard_deviation": 0.000014999986266773435
   },
   "throughput": {
      "n": 739,
      "min": 0,
      "max": 16,
      "sum": 6951,
      "mean": 9.405953991880905,
      "variance": 23.95698755404026,
      "standard_deviation": 4.894587577522774
   },
   "thread": {
      "n": 739,
      "min": 0,
      "max": 0,
      "sum": 0,
      "mean": 0,
      "variance": 0,
      "standard_deviation": 0
   }
}