{
   "PapamoscasElastic": {
      "error": 0.006640625,
      "t1": 99.6663275265527,
      "t2": 99.66846555367142,
      "cost": 0.00021313549758377958
   },
   "PapamoscasElasticOnlyOneLevel": {
      "error": 0.10203993055555556,
      "t1": 96.2514954617949,
      "t2": 96.19757300094807,
      "cost": 0.00015162762980722353
   },
   "PapamoscasElasticOnlyOneLevelPreProvisioned": {
      "error": 0.00017361111111111112,
      "t1": 99.97539321039164,
      "t2": 99.97598212312789,
      "cost": 0.00026999999999999914
   }
}