{
   "cost": {
      "n": 633,
      "min": 0.00027,
      "max": 0.00027,
      "sum": 0.17091000000000006,
      "mean": 0.00027,
      "variance": 0,
      "standard_deviation": 0
   },
   "throughput": {
      "n": 633,
      "min": 0,
      "max": 18,
      "sum": 4705,
      "mean": 7.432859399684041,
      "variance": 20.732064019726018,
      "standard_deviation": 4.553247634351334
   },
   "thread": {
      "n": 633,
      "min": 0,
      "max": 0,
      "sum": 0,
      "mean": 0,
      "variance": 0,
      "standard_deviation": 0
   }
}