{
   "cost": {
      "n": 633,
      "min": 0.00027,
      "max": 0.00027,
      "sum": 0.17091000000000006,
      "mean": 0.00027,
      "variance": 0,
      "standard_deviation": 0
   },
   "throughput": {
      "n": 633,
      "min": 0,
      "max": 17,
      "sum": 4693,
      "mean": 7.4139020537124845,
      "variance": 19.65174986086466,
      "standard_deviation": 4.433029422512855
   },
   "thread": {
      "n": 633,
      "min": 0,
      "max": 0,
      "sum": 0,
      "mean": 0,
      "variance": 0,
      "standard_deviation": 0
   }
}