{
   "cost": {
      "n": 869,
      "min": 0.0002,
      "max": 0.00027,
      "sum": 0.1833000000000027,
      "mean": 0.00021093210586881455,
      "variance": 2.728941245641674e-10,
      "standard_deviation": 0.00001651950739471875
   },
   "throughput": {
      "n": 869,
      "min": 0,
      "max": 18,
      "sum": 6729,
      "mean": 7.7433831990794,
      "variance": 20.78915357122522,
      "standard_deviation": 4.559512426918609
   },
   "thread": {
      "n": 869,
      "min": 0,
      "max": 0,
      "sum": 0,
      "mean": 0,
      "variance": 0,
      "standard_deviation": 0
   }
}