{
   "cost": {
      "n": 848,
      "min": 0.00013,
      "max": 0.00017,
      "sum": 0.11800000000000224,
      "mean": 0.00013915094339622645,
      "variance": 2.8229797080811663e-10,
      "standard_deviation": 0.000016801725233085934
   },
   "throughput": {
      "n": 848,
      "min": 0,
      "max": 16,
      "sum": 6040,
      "mean": 7.122641509433961,
      "variance": 38.973166607333525,
      "standard_deviation": 6.24284923791481
   },
   "thread": {
      "n": 848,
      "min": 0,
      "max": 0,
      "sum": 0,
      "mean": 0,
      "variance": 0,
      "standard_deviation": 0
   }
}