{
   "cost": {
      "n": 222,
      "min": 0.00027,
      "max": 0.00027,
      "sum": 0.05993999999999989,
      "mean": 0.00027,
      "variance": 0,
      "standard_deviation": 0
   },
   "throughput": {
      "n": 222,
      "min": 0,
      "max": 12,
      "sum": 1400,
      "mean": 6.306306306306308,
      "variance": 24.509780050320597,
      "standard_deviation": 4.950735304004911
   },
   "thread": {
      "n": 222,
      "min": 0,
      "max": 0,
      "sum": 0,
      "mean": 0,
      "variance": 0,
      "standard_deviation": 0
   }
}