{
   "cost": {
      "n": 294,
      "min": 0.0002,
      "max": 0.00023,
      "sum": 0.05969999999999982,
      "mean": 0.0002030612244897959,
      "variance": 8.246563931695123e-11,
      "standard_deviation": 0.000009081059371953871
   },
   "throughput": {
      "n": 294,
      "min": 0,
      "max": 12,
      "sum": 1410,
      "mean": 4.795918367346939,
      "variance": 22.611411911703442,
      "standard_deviation": 4.7551458349564255
   },
   "thread": {
      "n": 294,
      "min": 0,
      "max": 0,
      "sum": 0,
      "mean": 0,
      "variance": 0,
      "standard_deviation": 0
   }
}