{
   "cost": {
      "n": 873,
      "min": 0.0002,
      "max": 0.00027,
      "sum": 0.17979000000000248,
      "mean": 0.00020594501718213052,
      "variance": 2.103612380581242e-10,
      "standard_deviation": 0.000014503835287885898
   },
   "throughput": {
      "n": 873,
      "min": 0,
      "max": 16,
      "sum": 4612,
      "mean": 5.2829324169530425,
      "variance": 31.932549476532156,
      "standard_deviation": 5.650889264224893
   },
   "thread": {
      "n": 873,
      "min": 0,
      "max": 0,
      "sum": 0,
      "mean": 0,
      "variance": 0,
      "standard_deviation": 0
   }
}