{
   "cost": {
      "n": 634,
      "min": 0.00013,
      "max": 0.00017,
      "sum": 0.0926600000000011,
      "mean": 0.00014615141955835975,
      "variance": 3.851884285842214e-10,
      "standard_deviation": 0.000019626217887922814
   },
   "throughput": {
      "n": 634,
      "min": 0,
      "max": 16,
      "sum": 6198,
      "mean": 9.776025236593055,
      "variance": 17.833116062454607,
      "standard_deviation": 4.22292742803551
   },
   "thread": {
      "n": 634,
      "min": 0,
      "max": 0,
      "sum": 0,
      "mean": 0,
      "variance": 0,
      "standard_deviation": 0
   }
}