{
   "cost": {
      "n": 636,
      "min": 0.00013,
      "max": 0.00017,
      "sum": 0.0934000000000011,
      "mean": 0.0001468553459119499,
      "variance": 3.901111506665075e-10,
      "standard_deviation": 0.000019751231624040753
   },
   "throughput": {
      "n": 636,
      "min": 0,
      "max": 16,
      "sum": 6257,
      "mean": 9.838050314465415,
      "variance": 16.33069053834894,
      "standard_deviation": 4.041124910015643
   },
   "thread": {
      "n": 636,
      "min": 0,
      "max": 0,
      "sum": 0,
      "mean": 0,
      "variance": 0,
      "standard_deviation": 0
   }
}