{
   "cost": {
      "n": 844,
      "min": 0.0002,
      "max": 0.00027,
      "sum": 0.1839500000000002,
      "mean": 0.00021795023696682432,
      "variance": 5.944951539722879e-10,
      "standard_deviation": 0.00002438227130462394
   },
   "throughput": {
      "n": 844,
      "min": 0,
      "max": 16,
      "sum": 6560,
      "mean": 7.772511848341218,
      "variance": 21.862941083982818,
      "standard_deviation": 4.675782403404035
   },
   "thread": {
      "n": 844,
      "min": 0,
      "max": 0,
      "sum": 0,
      "mean": 0,
      "variance": 0,
      "standard_deviation": 0
   }
}