{
   "cost": {
      "n": 844,
      "min": 0.0002,
      "max": 0.00023,
      "sum": 0.18050000000000083,
      "mean": 0.0002138625592417061,
      "variance": 2.237062285213722e-10,
      "standard_deviation": 0.000014956812110920301
   },
   "throughput": {
      "n": 844,
      "min": 0,
      "max": 16,
      "sum": 6910,
      "mean": 8.187203791469203,
      "variance": 21.716139574582762,
      "standard_deviation": 4.6600578939089115
   },
   "thread": {
      "n": 844,
      "min": 0,
      "max": 0,
      "sum": 0,
      "mean": 0,
      "variance": 0,
      "standard_deviation": 0
   }
}