{
   "cost": {
      "n": 968,
      "min": 0.0002,
      "max": 0.00023,
      "sum": 0.19612000000000324,
      "mean": 0.0002026033057851241,
      "variance": 7.132197254285901e-11,
      "standard_deviation": 0.000008445233717479878
   },
   "throughput": {
      "n": 968,
      "min": 0,
      "max": 16,
      "sum": 6164,
      "mean": 6.367768595041315,
      "variance": 39.482514855542696,
      "standard_deviation": 6.283511347609925
   },
   "thread": {
      "n": 968,
      "min": 0,
      "max": 0,
      "sum": 0,
      "mean": 0,
      "variance": 0,
      "standard_deviation": 0
   }
}