{
   "PapamoscasElastic": {
      "error": 0.000908119658119658,
      "t1": 99.92048978401412,
      "t2": 99.96391779821231,
      "cost": 0.00020437239780685874
   },
   "PapamoscasElasticOnlyOneLevel": {
      "error": 0.021741452991452987,
      "t1": 99.82586992590264,
      "t2": 99.84575838205599,
      "cost": 0.00013415149907144668
   },
   "PapamoscasElasticOnlyOneLevelPreProvisioned": {
      "error": 0,
      "t1": 99.99803435258212,
      "t2": 99.96289727237593,
      "cost": 0.0002699999999999982
   }
}