{
   "cost": {
      "n": 844,
      "min": 0.00027,
      "max": 0.00027,
      "sum": 0.22787999999999847,
      "mean": 0.00027,
      "variance": 0,
      "standard_deviation": 0
   },
   "throughput": {
      "n": 844,
      "min": 0,
      "max": 17,
      "sum": 5155,
      "mean": 6.10781990521327,
      "variance": 14.489559702163023,
      "standard_deviation": 3.806515427810982
   },
   "thread": {
      "n": 844,
      "min": 0,
      "max": 0,
      "sum": 0,
      "mean": 0,
      "variance": 0,
      "standard_deviation": 0
   }
}