{
   "cost": {
      "n": 859,
      "min": 0.0002,
      "max": 0.00023,
      "sum": 0.1777400000000033,
      "mean": 0.00020691501746216524,
      "variance": 1.596330573629086e-10,
      "standard_deviation": 0.000012634597633597542
   },
   "throughput": {
      "n": 859,
      "min": 0,
      "max": 18,
      "sum": 6756,
      "mean": 7.864959254947612,
      "variance": 20.177340248630898,
      "standard_deviation": 4.491919439240968
   },
   "thread": {
      "n": 859,
      "min": 0,
      "max": 0,
      "sum": 0,
      "mean": 0,
      "variance": 0,
      "standard_deviation": 0
   }
}