{
   "cost": {
      "n": 899,
      "min": 0.00013,
      "max": 0.0002,
      "sum": 0.1311300000000013,
      "mean": 0.00014586206896551716,
      "variance": 4.529553910475258e-10,
      "standard_deviation": 0.00002128274867228211
   },
   "throughput": {
      "n": 899,
      "min": 0,
      "max": 18,
      "sum": 6772,
      "mean": 7.532814238042267,
      "variance": 26.491414883178795,
      "standard_deviation": 5.146981142687313
   },
   "thread": {
      "n": 899,
      "min": 0,
      "max": 0,
      "sum": 0,
      "mean": 0,
      "variance": 0,
      "standard_deviation": 0
   }
}