{
   "cost": {
      "n": 855,
      "min": 0.00013,
      "max": 0.0002,
      "sum": 0.12493000000000135,
      "mean": 0.00014611695906432748,
      "variance": 4.5860620361820624e-10,
      "standard_deviation": 0.000021415092893055736
   },
   "throughput": {
      "n": 855,
      "min": 0,
      "max": 17,
      "sum": 6796,
      "mean": 7.9485380116959155,
      "variance": 23.78448616668373,
      "standard_deviation": 4.876934094970295
   },
   "thread": {
      "n": 855,
      "min": 0,
      "max": 0,
      "sum": 0,
      "mean": 0,
      "variance": 0,
      "standard_deviation": 0
   }
}