{
   "PapamoscasElastic": {
      "error": 0.02487373737373737,
      "t1": 99.3649954956577,
      "t2": 99.30710656623476,
      "cost": 0.00020906015222144127
   },
   "PapamoscasElasticOnlyOneLevel": {
      "error": 0.035101010101010105,
      "t1": 98.8260967391348,
      "t2": 98.79927527190364,
      "cost": 0.00014651615749143135
   },
   "PapamoscasElasticOnlyOneLevelPreProvisioned": {
      "error": 0,
      "t1": 99.99100633886815,
      "t2": 99.95471098755445,
      "cost": 0.0002699999999999982
   }
}