{
   "cost": {
      "n": 864,
      "min": 0.00013,
      "max": 0.0002,
      "sum": 0.12750000000000158,
      "mean": 0.00014756944444444447,
      "variance": 4.670090663580242e-10,
      "standard_deviation": 0.000021610392554463793
   },
   "throughput": {
      "n": 864,
      "min": 0,
      "max": 18,
      "sum": 6880,
      "mean": 7.962962962962962,
      "variance": 22.683813443072715,
      "standard_deviation": 4.762752716977096
   },
   "thread": {
      "n": 864,
      "min": 0,
      "max": 0,
      "sum": 0,
      "mean": 0,
      "variance": 0,
      "standard_deviation": 0
   }
}