{
   "cost": {
      "n": 843,
      "min": 0.00027,
      "max": 0.00027,
      "sum": 0.22760999999999848,
      "mean": 0.00027,
      "variance": 0,
      "standard_deviation": 0
   },
   "throughput": {
      "n": 843,
      "min": 0,
      "max": 16,
      "sum": 5958,
      "mean": 7.067615658362995,
      "variance": 35.46043405394226,
      "standard_deviation": 5.954866417808401
   },
   "thread": {
      "n": 843,
      "min": 0,
      "max": 0,
      "sum": 0,
      "mean": 0,
      "variance": 0,
      "standard_deviation": 0
   }
}