{
   "cost": {
      "n": 843,
      "min": 0.0002,
      "max": 0.00027,
      "sum": 0.1776000000000023,
      "mean": 0.00021067615658362977,
      "variance": 3.0594850622459165e-10,
      "standard_deviation": 0.000017491383771005415
   },
   "throughput": {
      "n": 843,
      "min": 0,
      "max": 16,
      "sum": 6135,
      "mean": 7.277580071174377,
      "variance": 34.87194100040947,
      "standard_deviation": 5.905246904271613
   },
   "thread": {
      "n": 843,
      "min": 0,
      "max": 0,
      "sum": 0,
      "mean": 0,
      "variance": 0,
      "standard_deviation": 0
   }
}