{
   "cost": {
      "n": 1355,
      "min": 0.00013,
      "max": 0.00017,
      "sum": 0.18326999999999866,
      "mean": 0.0001352546125461252,
      "variance": 1.8257354883511925e-10,
      "standard_deviation": 0.000013511977976414824
   },
   "throughput": {
      "n": 1355,
      "min": 0,
      "max": 17,
      "sum": 6148,
      "mean": 4.537269372693725,
      "variance": 36.17776228537196,
      "standard_deviation": 6.014795282083337
   },
   "thread": {
      "n": 1355,
      "min": 0,
      "max": 0,
      "sum": 0,
      "mean": 0,
      "variance": 0,
      "standard_deviation": 0
   }
}