{
   "cost": {
      "n": 1175,
      "min": 0.00013,
      "max": 0.00017,
      "sum": 0.15918999999999942,
      "mean": 0.00013548085106382987,
      "variance": 1.8919431416930724e-10,
      "standard_deviation": 0.00001375479240735051
   },
   "throughput": {
      "n": 1175,
      "min": 0,
      "max": 16,
      "sum": 5481,
      "mean": 4.664680851063827,
      "variance": 26.639901493888622,
      "standard_deviation": 5.161385617631047
   },
   "thread": {
      "n": 1175,
      "min": 0,
      "max": 0,
      "sum": 0,
      "mean": 0,
      "variance": 0,
      "standard_deviation": 0
   }
}