{
   "cost": {
      "n": 1181,
      "min": 0.00013,
      "max": 0.00017,
      "sum": 0.15992999999999938,
      "mean": 0.00013541913632514815,
      "variance": 1.8739841449538647e-10,
      "standard_deviation": 0.000013689354056908107
   },
   "throughput": {
      "n": 1181,
      "min": 0,
      "max": 16,
      "sum": 5385,
      "mean": 4.559695173581712,
      "variance": 27.210026664066483,
      "standard_deviation": 5.216323098128267
   },
   "thread": {
      "n": 1181,
      "min": 0,
      "max": 0,
      "sum": 0,
      "mean": 0,
      "variance": 0,
      "standard_deviation": 0
   }
}