{
   "cost": {
      "n": 843,
      "min": 0.0002,
      "max": 0.00027,
      "sum": 0.19055999999999856,
      "mean": 0.00022604982206405713,
      "variance": 5.014779448081941e-10,
      "standard_deviation": 0.000022393703240156463
   },
   "throughput": {
      "n": 843,
      "min": 0,
      "max": 21,
      "sum": 5186,
      "mean": 6.151838671411632,
      "variance": 28.055236832810575,
      "standard_deviation": 5.296719440635928
   },
   "thread": {
      "n": 843,
      "min": 0,
      "max": 0,
      "sum": 0,
      "mean": 0,
      "variance": 0,
      "standard_deviation": 0
   }
}