{
   "cost": {
      "n": 725,
      "min": 0.0002,
      "max": 0.00023,
      "sum": 0.15532000000000104,
      "mean": 0.00021423448275862048,
      "variance": 2.2441398335315205e-10,
      "standard_deviation": 0.00001498045337608819
   },
   "throughput": {
      "n": 725,
      "min": 0,
      "max": 19,
      "sum": 6655,
      "mean": 9.179310344827591,
      "variance": 24.31267538644469,
      "standard_deviation": 4.930788515688407
   },
   "thread": {
      "n": 725,
      "min": 0,
      "max": 0,
      "sum": 0,
      "mean": 0,
      "variance": 0,
      "standard_deviation": 0
   }
}