{
   "cost": {
      "n": 643,
      "min": 0.0002,
      "max": 0.00023,
      "sum": 0.1323500000000002,
      "mean": 0.00020583203732503884,
      "variance": 1.409484603905197e-10,
      "standard_deviation": 0.000011872171679626255
   },
   "throughput": {
      "n": 643,
      "min": 0,
      "max": 18,
      "sum": 4756,
      "mean": 7.396578538102649,
      "variance": 20.761854545542487,
      "standard_deviation": 4.556517809198433
   },
   "thread": {
      "n": 643,
      "min": 0,
      "max": 0,
      "sum": 0,
      "mean": 0,
      "variance": 0,
      "standard_deviation": 0
   }
}