{
   "cost": {
      "n": 680,
      "min": 0.00013,
      "max": 0.00017,
      "sum": 0.0967600000000021,
      "mean": 0.0001422941176470589,
      "variance": 3.4061937716263007e-10,
      "standard_deviation": 0.000018455876494022983
   },
   "throughput": {
      "n": 680,
      "min": 0,
      "max": 18,
      "sum": 4762,
      "mean": 7.002941176470589,
      "variance": 19.773520761245667,
      "standard_deviation": 4.446742713632718
   },
   "thread": {
      "n": 680,
      "min": 0,
      "max": 0,
      "sum": 0,
      "mean": 0,
      "variance": 0,
      "standard_deviation": 0
   }
}