{
   "cost": {
      "n": 1531,
      "min": 0.00013,
      "max": 0.00017,
      "sum": 0.20282999999999668,
      "mean": 0.00013248203788373595,
      "variance": 9.312100329314305e-11,
      "standard_deviation": 0.000009649922450110314
   },
   "throughput": {
      "n": 1531,
      "min": 0,
      "max": 16,
      "sum": 5958,
      "mean": 3.89157413455258,
      "variance": 30.189419533857443,
      "standard_deviation": 5.494489924811715
   },
   "thread": {
      "n": 1531,
      "min": 0,
      "max": 0,
      "sum": 0,
      "mean": 0,
      "variance": 0,
      "standard_deviation": 0
   }
}