{
   "cost": {
      "n": 865,
      "min": 0.00013,
      "max": 0.00017,
      "sum": 0.11413000000000165,
      "mean": 0.00013194219653179192,
      "variance": 7.391573390357171e-11,
      "standard_deviation": 0.000008597426004541807
   },
   "throughput": {
      "n": 865,
      "min": 0,
      "max": 17,
      "sum": 6141,
      "mean": 7.099421965317917,
      "variance": 36.81092452136723,
      "standard_deviation": 6.067200715434361
   },
   "thread": {
      "n": 865,
      "min": 0,
      "max": 0,
      "sum": 0,
      "mean": 0,
      "variance": 0,
      "standard_deviation": 0
   }
}