{
   "cost": {
      "n": 634,
      "min": 0.0002,
      "max": 0.00023,
      "sum": 0.13460000000000027,
      "mean": 0.00021230283911671905,
      "variance": 2.1772532316970184e-10,
      "standard_deviation": 0.000014755518397186248
   },
   "throughput": {
      "n": 634,
      "min": 0,
      "max": 17,
      "sum": 6356,
      "mean": 10.02523659305992,
      "variance": 15.993053966105752,
      "standard_deviation": 3.999131651509581
   },
   "thread": {
      "n": 634,
      "min": 0,
      "max": 0,
      "sum": 0,
      "mean": 0,
      "variance": 0,
      "standard_deviation": 0
   }
}