{
   "cost": {
      "n": 842,
      "min": 0.00027,
      "max": 0.00027,
      "sum": 0.2273399999999985,
      "mean": 0.00027,
      "variance": 0,
      "standard_deviation": 0
   },
   "throughput": {
      "n": 842,
      "min": 0,
      "max": 16,
      "sum": 6476,
      "mean": 7.691211401425168,
      "variance": 23.22056409070137,
      "standard_deviation": 4.818772052162394
   },
   "thread": {
      "n": 842,
      "min": 0,
      "max": 0,
      "sum": 0,
      "mean": 0,
      "variance": 0,
      "standard_deviation": 0
   }
}