{
   "cost": {
      "n": 723,
      "min": 0.00027,
      "max": 0.00027,
      "sum": 0.19520999999999938,
      "mean": 0.00027,
      "variance": 0,
      "standard_deviation": 0
   },
   "throughput": {
      "n": 723,
      "min": 0,
      "max": 14,
      "sum": 3706,
      "mean": 5.125864453665282,
      "variance": 12.356218996841557,
      "standard_deviation": 3.5151413907326057
   },
   "thread": {
      "n": 723,
      "min": 0,
      "max": 0,
      "sum": 0,
      "mean": 0,
      "variance": 0,
      "standard_deviation": 0
   }
}