{
   "cost": {
      "n": 722,
      "min": 0.00013,
      "max": 0.00017,
      "sum": 0.0950600000000012,
      "mean": 0.00013166204986149582,
      "variance": 6.371958471773547e-11,
      "standard_deviation": 0.000007982454805242274
   },
   "throughput": {
      "n": 722,
      "min": 0,
      "max": 14,
      "sum": 3738,
      "mean": 5.177285318559552,
      "variance": 13.533666868731808,
      "standard_deviation": 3.678813241893615
   },
   "thread": {
      "n": 722,
      "min": 0,
      "max": 0,
      "sum": 0,
      "mean": 0,
      "variance": 0,
      "standard_deviation": 0
   }
}