{
   "cost": {
      "n": 843,
      "min": 0.00027,
      "max": 0.00027,
      "sum": 0.22760999999999848,
      "mean": 0.00027,
      "variance": 0,
      "standard_deviation": 0
   },
   "throughput": {
      "n": 843,
      "min": 0,
      "max": 16,
      "sum": 6001,
      "mean": 7.11862396204033,
      "variance": 37.85306951814473,
      "standard_deviation": 6.152484824698451
   },
   "thread": {
      "n": 843,
      "min": 0,
      "max": 0,
      "sum": 0,
      "mean": 0,
      "variance": 0,
      "standard_deviation": 0
   }
}