{
   "cost": {
      "n": 1081,
      "min": 0.00013,
      "max": 0.00017,
      "sum": 0.1537300000000014,
      "mean": 0.00014221091581868636,
      "variance": 3.3933016761641174e-10,
      "standard_deviation": 0.000018420916579161084
   },
   "throughput": {
      "n": 1081,
      "min": 0,
      "max": 14,
      "sum": 7163,
      "mean": 6.626271970397783,
      "variance": 19.35893975581932,
      "standard_deviation": 4.399879516057152
   },
   "thread": {
      "n": 1081,
      "min": 0,
      "max": 0,
      "sum": 0,
      "mean": 0,
      "variance": 0,
      "standard_deviation": 0
   }
}