{
   "cost": {
      "n": 1282,
      "min": 0.0002,
      "max": 0.00027,
      "sum": 0.27313000000000004,
      "mean": 0.00021304992199687982,
      "variance": 3.1729703977550704e-10,
      "standard_deviation": 0.00001781283356952248
   },
   "throughput": {
      "n": 1282,
      "min": -1,
      "max": 17,
      "sum": 6851,
      "mean": 5.343993759750391,
      "variance": 38.66091946329957,
      "standard_deviation": 6.217790561228287
   },
   "thread": {
      "n": 1282,
      "min": 0,
      "max": 0,
      "sum": 0,
      "mean": 0,
      "variance": 0,
      "standard_deviation": 0
   }
}