{
   "cost": {
      "n": 724,
      "min": 0.00027,
      "max": 0.00027,
      "sum": 0.19547999999999938,
      "mean": 0.00027,
      "variance": 0,
      "standard_deviation": 0
   },
   "throughput": {
      "n": 724,
      "min": 0,
      "max": 16,
      "sum": 6811,
      "mean": 9.40745856353591,
      "variance": 29.0370161930344,
      "standard_deviation": 5.388600578353753
   },
   "thread": {
      "n": 724,
      "min": 0,
      "max": 0,
      "sum": 0,
      "mean": 0,
      "variance": 0,
      "standard_deviation": 0
   }
}