{
   "cost": {
      "n": 182,
      "min": 0.00027,
      "max": 0.00027,
      "sum": 0.04913999999999991,
      "mean": 0.00027,
      "variance": 0,
      "standard_deviation": 0
   },
   "throughput": {
      "n": 182,
      "min": 0,
      "max": 15,
      "sum": 1363,
      "mean": 7.489010989010991,
      "variance": 18.623505615263845,
      "standard_deviation": 4.315495987168085
   },
   "thread": {
      "n": 182,
      "min": 0,
      "max": 0,
      "sum": 0,
      "mean": 0,
      "variance": 0,
      "standard_deviation": 0
   }
}