{
   "cost": {
      "n": 182,
      "min": 0.00027,
      "max": 0.00027,
      "sum": 0.04913999999999991,
      "mean": 0.00027,
      "variance": 0,
      "standard_deviation": 0
   },
   "throughput": {
      "n": 182,
      "min": 0,
      "max": 14,
      "sum": 1427,
      "mean": 7.840659340659341,
      "variance": 18.98010505977539,
      "standard_deviation": 4.356616239672182
   },
   "thread": {
      "n": 182,
      "min": 0,
      "max": 0,
      "sum": 0,
      "mean": 0,
      "variance": 0,
      "standard_deviation": 0
   }
}