{
   "cost": {
      "n": 846,
      "min": 0.0002,
      "max": 0.00023,
      "sum": 0.17235000000000267,
      "mean": 0.00020372340425531913,
      "variance": 9.783838841104605e-11,
      "standard_deviation": 0.000009891328950704553
   },
   "throughput": {
      "n": 846,
      "min": 0,
      "max": 16,
      "sum": 8389,
      "mean": 9.916075650118216,
      "variance": 31.76482431579003,
      "standard_deviation": 5.636029126591702
   },
   "thread": {
      "n": 846,
      "min": 0,
      "max": 0,
      "sum": 0,
      "mean": 0,
      "variance": 0,
      "standard_deviation": 0
   }
}