{
   "cost": {
      "n": 1292,
      "min": 0.00013,
      "max": 0.00017,
      "sum": 0.17535999999999852,
      "mean": 0.00013572755417956686,
      "variance": 1.9629729030279237e-10,
      "standard_deviation": 0.000014010613487738229
   },
   "throughput": {
      "n": 1292,
      "min": 0,
      "max": 16,
      "sum": 8493,
      "mean": 6.573529411764716,
      "variance": 42.174933982881186,
      "standard_deviation": 6.494223123891047
   },
   "thread": {
      "n": 1292,
      "min": 0,
      "max": 0,
      "sum": 0,
      "mean": 0,
      "variance": 0,
      "standard_deviation": 0
   }
}