{
   "cost": {
      "n": 910,
      "min": 0.0002,
      "max": 0.00023,
      "sum": 0.18752000000000357,
      "mean": 0.0002060659340659341,
      "variance": 1.4518246588576276e-10,
      "standard_deviation": 0.000012049168680276775
   },
   "throughput": {
      "n": 910,
      "min": 0,
      "max": 0,
      "sum": 0,
      "mean": 0,
      "variance": 0,
      "standard_deviation": 0
   },
   "thread": {
      "n": 910,
      "min": 0,
      "max": 0,
      "sum": 0,
      "mean": 0,
      "variance": 0,
      "standard_deviation": 0
   }
}