{
   "cost": {
      "n": 865,
      "min": 0.00013,
      "max": 0.00017,
      "sum": 0.11681000000000154,
      "mean": 0.0001350404624277456,
      "variance": 1.7621223562431147e-10,
      "standard_deviation": 0.000013274495682484947
   },
   "throughput": {
      "n": 865,
      "min": 0,
      "max": 18,
      "sum": 5326,
      "mean": 6.157225433526014,
      "variance": 14.671233920278,
      "standard_deviation": 3.830304677212767
   },
   "thread": {
      "n": 865,
      "min": 0,
      "max": 0,
      "sum": 0,
      "mean": 0,
      "variance": 0,
      "standard_deviation": 0
   }
}