{
   "cost": {
      "n": 844,
      "min": 0.00027,
      "max": 0.00027,
      "sum": 0.22787999999999847,
      "mean": 0.00027,
      "variance": 0,
      "standard_deviation": 0
   },
   "throughput": {
      "n": 844,
      "min": 0,
      "max": 19,
      "sum": 5252,
      "mean": 6.222748815165879,
      "variance": 15.360335571977268,
      "standard_deviation": 3.9192263996836503
   },
   "thread": {
      "n": 844,
      "min": 0,
      "max": 0,
      "sum": 0,
      "mean": 0,
      "variance": 0,
      "standard_deviation": 0
   }
}