{
   "cost": {
      "n": 999,
      "min": 0.0002,
      "max": 0.00027,
      "sum": 0.22406000000000134,
      "mean": 0.0002242842842842844,
      "variance": 5.311944577209839e-10,
      "standard_deviation": 0.000023047656230536414
   },
   "throughput": {
      "n": 999,
      "min": 0,
      "max": 17,
      "sum": 8532,
      "mean": 8.540540540540544,
      "variance": 34.24235045856664,
      "standard_deviation": 5.851696374434224
   },
   "thread": {
      "n": 999,
      "min": 0,
      "max": 0,
      "sum": 0,
      "mean": 0,
      "variance": 0,
      "standard_deviation": 0
   }
}