{
   "cost": {
      "n": 1099,
      "min": 0.00013,
      "max": 0.00017,
      "sum": 0.1560299999999993,
      "mean": 0.00014197452229299356,
      "variance": 3.3559170757434527e-10,
      "standard_deviation": 0.00001831916230547525
   },
   "throughput": {
      "n": 1099,
      "min": 0,
      "max": 16,
      "sum": 7793,
      "mean": 7.09099181073704,
      "variance": 40.74513268328147,
      "standard_deviation": 6.383191418348777
   },
   "thread": {
      "n": 1099,
      "min": 0,
      "max": 0,
      "sum": 0,
      "mean": 0,
      "variance": 0,
      "standard_deviation": 0
   }
}