{
   "PapamoscasElastic": {
      "error": 0.005376344086021506,
      "t1": 99.55553171167004,
      "t2": 99.56161974684765,
      "cost": 0.00020758814981006095
   },
   "PapamoscasElasticOnlyOneLevel": {
      "error": 0.06944444444444443,
      "t1": 95.20511836209934,
      "t2": 94.94397089721232,
      "cost": 0.00014289124487004413
   },
   "PapamoscasElasticOnlyOneLevelPreProvisioned": {
      "error": 0,
      "t1": 99.99660130146881,
      "t2": 100,
      "cost": 0.0002700000000000001
   }
}