{
   "cost": {
      "n": 688,
      "min": 0.00013,
      "max": 0.00017,
      "sum": 0.09872000000000211,
      "mean": 0.00014348837209302316,
      "variance": 3.5759870200108213e-10,
      "standard_deviation": 0.00001891028032581966
   },
   "throughput": {
      "n": 688,
      "min": 0,
      "max": 18,
      "sum": 4700,
      "mean": 6.831395348837209,
      "variance": 20.163432936722554,
      "standard_deviation": 4.490371135743966
   },
   "thread": {
      "n": 688,
      "min": 0,
      "max": 0,
      "sum": 0,
      "mean": 0,
      "variance": 0,
      "standard_deviation": 0
   }
}