{
   "cost": {
      "n": 736,
      "min": 0.0002,
      "max": 0.00023,
      "sum": 0.15833000000000105,
      "mean": 0.0002151222826086956,
      "variance": 2.2498504696361122e-10,
      "standard_deviation": 0.000014999501557172198
   },
   "throughput": {
      "n": 736,
      "min": 0,
      "max": 16,
      "sum": 7101,
      "mean": 9.648097826086955,
      "variance": 29.37752355564744,
      "standard_deviation": 5.420103648053923
   },
   "thread": {
      "n": 736,
      "min": 0,
      "max": 0,
      "sum": 0,
      "mean": 0,
      "variance": 0,
      "standard_deviation": 0
   }
}