{
   "cost": {
      "n": 724,
      "min": 0.00027,
      "max": 0.00027,
      "sum": 0.19547999999999938,
      "mean": 0.00027,
      "variance": 0,
      "standard_deviation": 0
   },
   "throughput": {
      "n": 724,
      "min": 0,
      "max": 18,
      "sum": 6757,
      "mean": 9.332872928176796,
      "variance": 28.74969285125605,
      "standard_deviation": 5.361874005537248
   },
   "thread": {
      "n": 724,
      "min": 0,
      "max": 0,
      "sum": 0,
      "mean": 0,
      "variance": 0,
      "standard_deviation": 0
   }
}