{
   "cost": {
      "n": 1554,
      "min": 0.00013,
      "max": 0.0002,
      "sum": 0.21836999999999523,
      "mean": 0.00014052123552123544,
      "variance": 3.4393680773989484e-10,
      "standard_deviation": 0.00001854553336358636
   },
   "throughput": {
      "n": 1554,
      "min": 0,
      "max": 16,
      "sum": 6904,
      "mean": 4.442728442728449,
      "variance": 29.21325793526566,
      "standard_deviation": 5.40492904072437
   },
   "thread": {
      "n": 1554,
      "min": 0,
      "max": 0,
      "sum": 0,
      "mean": 0,
      "variance": 0,
      "standard_deviation": 0
   }
}