{
   "PapamoscasElastic": {
      "error": 0.06877240143369176,
      "t1": 95.68469021661893,
      "t2": 96.06919649654327,
      "cost": 0.0002139928909952618
   },
   "PapamoscasElasticOnlyOneLevel": {
      "error": 0.07078853046594982,
      "t1": 95.09038798369598,
      "t2": 95.42426819797328,
      "cost": 0.00014476300267769464
   },
   "PapamoscasElasticOnlyOneLevelPreProvisioned": {
      "error": 0,
      "t1": 50,
      "t2": 49.98099179922195,
      "cost": 0.0002699999999999982
   }
}