{
   "cost": {
      "n": 843,
      "min": 0.00027,
      "max": 0.00027,
      "sum": 0.22760999999999848,
      "mean": 0.00027,
      "variance": 0,
      "standard_deviation": 0
   },
   "throughput": {
      "n": 843,
      "min": 0,
      "max": 16,
      "sum": 6636,
      "mean": 7.87188612099646,
      "variance": 20.25167698821783,
      "standard_deviation": 4.5001863281666274
   },
   "thread": {
      "n": 843,
      "min": 0,
      "max": 0,
      "sum": 0,
      "mean": 0,
      "variance": 0,
      "standard_deviation": 0
   }
}