{
   "cost": {
      "n": 844,
      "min": 0.00013,
      "max": 0.0002,
      "sum": 0.1262200000000015,
      "mean": 0.00014954976303317556,
      "variance": 4.744418364367402e-10,
      "standard_deviation": 0.00002178168580337023
   },
   "throughput": {
      "n": 844,
      "min": 0,
      "max": 15,
      "sum": 6783,
      "mean": 8.036729857819905,
      "variance": 21.708366557354946,
      "standard_deviation": 4.6592238149025365
   },
   "thread": {
      "n": 844,
      "min": 0,
      "max": 0,
      "sum": 0,
      "mean": 0,
      "variance": 0,
      "standard_deviation": 0
   }
}