{
   "cost": {
      "n": 844,
      "min": 0.0002,
      "max": 0.00023,
      "sum": 0.17738000000000181,
      "mean": 0.00021016587677725104,
      "variance": 2.0163125266728182e-10,
      "standard_deviation": 0.000014199691991986369
   },
   "throughput": {
      "n": 844,
      "min": 0,
      "max": 17,
      "sum": 6624,
      "mean": 7.848341232227499,
      "variance": 23.55045933379754,
      "standard_deviation": 4.852881549532972
   },
   "thread": {
      "n": 844,
      "min": 0,
      "max": 0,
      "sum": 0,
      "mean": 0,
      "variance": 0,
      "standard_deviation": 0
   }
}