{
   "cost": {
      "n": 724,
      "min": 0.00027,
      "max": 0.00027,
      "sum": 0.19547999999999938,
      "mean": 0.00027,
      "variance": 0,
      "standard_deviation": 0
   },
   "throughput": {
      "n": 724,
      "min": 0,
      "max": 18,
      "sum": 6405,
      "mean": 8.846685082872927,
      "variance": 21.17124591740179,
      "standard_deviation": 4.601222219954367
   },
   "thread": {
      "n": 724,
      "min": 0,
      "max": 0,
      "sum": 0,
      "mean": 0,
      "variance": 0,
      "standard_deviation": 0
   }
}