{
   "cost": {
      "n": 783,
      "min": 0.00013,
      "max": 0.0002,
      "sum": 0.11832000000000165,
      "mean": 0.00015111111111111125,
      "variance": 4.4972328650489545e-10,
      "standard_deviation": 0.000021206680233004303
   },
   "throughput": {
      "n": 783,
      "min": 0,
      "max": 19,
      "sum": 6883,
      "mean": 8.79054916985951,
      "variance": 26.70453392574327,
      "standard_deviation": 5.167642975839495
   },
   "thread": {
      "n": 783,
      "min": 0,
      "max": 0,
      "sum": 0,
      "mean": 0,
      "variance": 0,
      "standard_deviation": 0
   }
}