{
   "cost": {
      "n": 782,
      "min": 0.00013,
      "max": 0.0002,
      "sum": 0.11871000000000168,
      "mean": 0.0001518030690537086,
      "variance": 4.370302719108302e-10,
      "standard_deviation": 0.000020905268998767516
   },
   "throughput": {
      "n": 782,
      "min": 0,
      "max": 18,
      "sum": 7026,
      "mean": 8.984654731457802,
      "variance": 25.956286261863823,
      "standard_deviation": 5.094731225674601
   },
   "thread": {
      "n": 782,
      "min": 0,
      "max": 0,
      "sum": 0,
      "mean": 0,
      "variance": 0,
      "standard_deviation": 0
   }
}