{
   "cost": {
      "n": 842,
      "min": 0.0002,
      "max": 0.0002,
      "sum": 0.16840000000000277,
      "mean": 0.0002,
      "variance": 0,
      "standard_deviation": 0
   },
   "throughput": {
      "n": 842,
      "min": 0,
      "max": 16,
      "sum": 6164,
      "mean": 7.3206650831353945,
      "variance": 33.44349219424399,
      "standard_deviation": 5.783034860196157
   },
   "thread": {
      "n": 842,
      "min": 0,
      "max": 0,
      "sum": 0,
      "mean": 0,
      "variance": 0,
      "standard_deviation": 0
   }
}