{
   "cost": {
      "n": 689,
      "min": 0.00013,
      "max": 0.00013,
      "sum": 0.08957000000000082,
      "mean": 0.00013,
      "variance": 0,
      "standard_deviation": 0
   },
   "throughput": {
      "n": 689,
      "min": 0,
      "max": 17,
      "sum": 5741,
      "mean": 8.332365747460091,
      "variance": 32.61667379365987,
      "standard_deviation": 5.711100926586735
   },
   "thread": {
      "n": 689,
      "min": 0,
      "max": 0,
      "sum": 0,
      "mean": 0,
      "variance": 0,
      "standard_deviation": 0
   }
}