{
   "cost": {
      "n": 1679,
      "min": 0.00013,
      "max": 0.00017,
      "sum": 0.22626999999999542,
      "mean": 0.00013476474091721265,
      "variance": 1.6788688068034505e-10,
      "standard_deviation": 0.000012957116989529155
   },
   "throughput": {
      "n": 1679,
      "min": 0,
      "max": 17,
      "sum": 5570,
      "mean": 3.317450863609293,
      "variance": 30.572840196364695,
      "standard_deviation": 5.529271217472036
   },
   "thread": {
      "n": 1679,
      "min": 0,
      "max": 0,
      "sum": 0,
      "mean": 0,
      "variance": 0,
      "standard_deviation": 0
   }
}