{
   "cost": {
      "n": 632,
      "min": 0.00027,
      "max": 0.00027,
      "sum": 0.17064000000000007,
      "mean": 0.00027,
      "variance": 0,
      "standard_deviation": 0
   },
   "throughput": {
      "n": 632,
      "min": 0,
      "max": 16,
      "sum": 5476,
      "mean": 8.664556962025308,
      "variance": 30.023553917641394,
      "standard_deviation": 5.4793753218447625
   },
   "thread": {
      "n": 632,
      "min": 0,
      "max": 0,
      "sum": 0,
      "mean": 0,
      "variance": 0,
      "standard_deviation": 0
   }
}