{
   "cost": {
      "n": 688,
      "min": 0.0002,
      "max": 0.00023,
      "sum": 0.14306000000000058,
      "mean": 0.0002079360465116279,
      "variance": 1.7510056111411606e-10,
      "standard_deviation": 0.00001323255686230428
   },
   "throughput": {
      "n": 688,
      "min": 0,
      "max": 20,
      "sum": 5470,
      "mean": 7.950581395348834,
      "variance": 33.61965082477016,
      "standard_deviation": 5.798245495386528
   },
   "thread": {
      "n": 688,
      "min": 0,
      "max": 0,
      "sum": 0,
      "mean": 0,
      "variance": 0,
      "standard_deviation": 0
   }
}