{
   "cost": {
      "n": 670,
      "min": 0.00013,
      "max": 0.00017,
      "sum": 0.09190000000000106,
      "mean": 0.00013716417910447756,
      "variance": 2.3524170193807066e-10,
      "standard_deviation": 0.000015337591138704626
   },
   "throughput": {
      "n": 670,
      "min": 0,
      "max": 16,
      "sum": 5668,
      "mean": 8.459701492537308,
      "variance": 30.678226776564905,
      "standard_deviation": 5.538792898869293
   },
   "thread": {
      "n": 670,
      "min": 0,
      "max": 0,
      "sum": 0,
      "mean": 0,
      "variance": 0,
      "standard_deviation": 0
   }
}