{
   "cost": {
      "n": 1280,
      "min": 0.00013,
      "max": 0.00017,
      "sum": 0.17415999999999862,
      "mean": 0.00013606249999999995,
      "variance": 2.0574609374999988e-10,
      "standard_deviation": 0.000014343852123819454
   },
   "throughput": {
      "n": 1280,
      "min": 0,
      "max": 16,
      "sum": 8379,
      "mean": 6.546093749999991,
      "variance": 42.238500366210936,
      "standard_deviation": 6.499115352585376
   },
   "thread": {
      "n": 1280,
      "min": 0,
      "max": 0,
      "sum": 0,
      "mean": 0,
      "variance": 0,
      "standard_deviation": 0
   }
}