{
   "cost": {
      "n": 724,
      "min": 0.00027,
      "max": 0.00027,
      "sum": 0.19547999999999938,
      "mean": 0.00027,
      "variance": 0,
      "standard_deviation": 0
   },
   "throughput": {
      "n": 724,
      "min": 0,
      "max": 16,
      "sum": 6788,
      "mean": 9.375690607734814,
      "variance": 18.30637037941454,
      "standard_deviation": 4.278594439697988
   },
   "thread": {
      "n": 724,
      "min": 0,
      "max": 0,
      "sum": 0,
      "mean": 0,
      "variance": 0,
      "standard_deviation": 0
   }
}