{
   "PapamoscasElastic": {
      "error": 0.04345238095238095,
      "t1": 97.74516640487137,
      "t2": 98.44633492277356,
      "cost": 0.00020574898785425327
   },
   "PapamoscasElasticOnlyOneLevel": {
      "error": 0.019268077601410933,
      "t1": 99.40001126468519,
      "t2": 99.46098392921431,
      "cost": 0.00014373811060393302
   },
   "PapamoscasElasticOnlyOneLevelPreProvisioned": {
      "error": 0.0001984126984126984,
      "t1": 100,
      "t2": 99.66078058435238,
      "cost": 0.00026999999999999914
   }
}