{
   "cost": {
      "n": 843,
      "min": 0.0002,
      "max": 0.0002,
      "sum": 0.16860000000000278,
      "mean": 0.0002,
      "variance": 0,
      "standard_deviation": 0
   },
   "throughput": {
      "n": 843,
      "min": 0,
      "max": 15,
      "sum": 6822,
      "mean": 8.092526690391454,
      "variance": 23.467120899346938,
      "standard_deviation": 4.844287450115542
   },
   "thread": {
      "n": 843,
      "min": 0,
      "max": 0,
      "sum": 0,
      "mean": 0,
      "variance": 0,
      "standard_deviation": 0
   }
}