{
   "PapamoscasElastic": {
      "error": 0.018368055555555558,
      "t1": 98.22433129644985,
      "t2": 98.25512305418891,
      "cost": 0.00021567299732845225
   },
   "PapamoscasElasticOnlyOneLevel": {
      "error": 0.05951388888888889,
      "t1": 96.85910826260904,
      "t2": 97.22018391059963,
      "cost": 0.00014822601859916775
   },
   "PapamoscasElasticOnlyOneLevelPreProvisioned": {
      "error": 0,
      "t1": 99.99412597221104,
      "t2": 99.99581090184726,
      "cost": 0.0002699999999999982
   }
}