{
   "cost": {
      "n": 876,
      "min": 0.0002,
      "max": 0.00023,
      "sum": 0.18657000000000226,
      "mean": 0.00021297945205479453,
      "variance": 2.2091738600112623e-10,
      "standard_deviation": 0.000014863289878123424
   },
   "throughput": {
      "n": 876,
      "min": 0,
      "max": 16,
      "sum": 8627,
      "mean": 9.848173515981744,
      "variance": 14.875350545234685,
      "standard_deviation": 3.856857599812921
   },
   "thread": {
      "n": 876,
      "min": 0,
      "max": 0,
      "sum": 0,
      "mean": 0,
      "variance": 0,
      "standard_deviation": 0
   }
}