{
   "cost": {
      "n": 1069,
      "min": 0.0002,
      "max": 0.00023,
      "sum": 0.22355000000000427,
      "mean": 0.0002091206735266604,
      "variance": 1.9043352021988942e-10,
      "standard_deviation": 0.000013799765223361208
   },
   "throughput": {
      "n": 1069,
      "min": 0,
      "max": 14,
      "sum": 7081,
      "mean": 6.62394761459308,
      "variance": 18.189735211474634,
      "standard_deviation": 4.26494258009116
   },
   "thread": {
      "n": 1069,
      "min": 0,
      "max": 0,
      "sum": 0,
      "mean": 0,
      "variance": 0,
      "standard_deviation": 0
   }
}