{
   "cost": {
      "n": 724,
      "min": 0.00027,
      "max": 0.00027,
      "sum": 0.19547999999999938,
      "mean": 0.00027,
      "variance": 0,
      "standard_deviation": 0
   },
   "throughput": {
      "n": 724,
      "min": 0,
      "max": 15,
      "sum": 6675,
      "mean": 9.219613259668515,
      "variance": 18.458676093525806,
      "standard_deviation": 4.296356141374433
   },
   "thread": {
      "n": 724,
      "min": 0,
      "max": 0,
      "sum": 0,
      "mean": 0,
      "variance": 0,
      "standard_deviation": 0
   }
}