{
   "cost": {
      "n": 632,
      "min": 0.00027,
      "max": 0.00027,
      "sum": 0.17064000000000007,
      "mean": 0.00027,
      "variance": 0,
      "standard_deviation": 0
   },
   "throughput": {
      "n": 632,
      "min": 0,
      "max": 16,
      "sum": 5374,
      "mean": 8.503164556962021,
      "variance": 27.11391403621213,
      "standard_deviation": 5.207102268653087
   },
   "thread": {
      "n": 632,
      "min": 0,
      "max": 0,
      "sum": 0,
      "mean": 0,
      "variance": 0,
      "standard_deviation": 0
   }
}