{
   "cost": {
      "n": 633,
      "min": 0.00027,
      "max": 0.00027,
      "sum": 0.17091000000000006,
      "mean": 0.00027,
      "variance": 0,
      "standard_deviation": 0
   },
   "throughput": {
      "n": 633,
      "min": 0,
      "max": 16,
      "sum": 5572,
      "mean": 8.802527646129535,
      "variance": 29.144259013848682,
      "standard_deviation": 5.398542304534501
   },
   "thread": {
      "n": 633,
      "min": 0,
      "max": 0,
      "sum": 0,
      "mean": 0,
      "variance": 0,
      "standard_deviation": 0
   }
}