{
   "cost": {
      "n": 651,
      "min": 0.0002,
      "max": 0.00027,
      "sum": 0.14030999999999952,
      "mean": 0.00021552995391705074,
      "variance": 3.537514069103174e-10,
      "standard_deviation": 0.00001880828027519575
   },
   "throughput": {
      "n": 651,
      "min": 0,
      "max": 16,
      "sum": 5518,
      "mean": 8.476190476190471,
      "variance": 30.974471509033695,
      "standard_deviation": 5.565471364496784
   },
   "thread": {
      "n": 651,
      "min": 0,
      "max": 0,
      "sum": 0,
      "mean": 0,
      "variance": 0,
      "standard_deviation": 0
   }
}