{
   "cost": {
      "n": 666,
      "min": 0.0002,
      "max": 0.00023,
      "sum": 0.13779000000000047,
      "mean": 0.00020689189189189208,
      "variance": 1.592585829072312e-10,
      "standard_deviation": 0.000012619769526708132
   },
   "throughput": {
      "n": 666,
      "min": 0,
      "max": 16,
      "sum": 5501,
      "mean": 8.259759759759758,
      "variance": 33.02111345579817,
      "standard_deviation": 5.746400043139894
   },
   "thread": {
      "n": 666,
      "min": 0,
      "max": 0,
      "sum": 0,
      "mean": 0,
      "variance": 0,
      "standard_deviation": 0
   }
}