{
   "cost": {
      "n": 842,
      "min": 0.0002,
      "max": 0.00023,
      "sum": 0.17320000000000266,
      "mean": 0.0002057007125890736,
      "variance": 1.3852325364898674e-10,
      "standard_deviation": 0.000011769590207351603
   },
   "throughput": {
      "n": 842,
      "min": 0,
      "max": 16,
      "sum": 5472,
      "mean": 6.498812351543944,
      "variance": 26.587290751011377,
      "standard_deviation": 5.156286527241419
   },
   "thread": {
      "n": 842,
      "min": 0,
      "max": 0,
      "sum": 0,
      "mean": 0,
      "variance": 0,
      "standard_deviation": 0
   }
}