{
   "cost": {
      "n": 1089,
      "min": 0.00013,
      "max": 0.00017,
      "sum": 0.15577000000000202,
      "mean": 0.00014303948576675836,
      "variance": 3.5155124160884316e-10,
      "standard_deviation": 0.0000187496997738322
   },
   "throughput": {
      "n": 1089,
      "min": 0,
      "max": 18,
      "sum": 8729,
      "mean": 8.015610651974288,
      "variance": 35.851914250611955,
      "standard_deviation": 5.9876468040969115
   },
   "thread": {
      "n": 1089,
      "min": 0,
      "max": 0,
      "sum": 0,
      "mean": 0,
      "variance": 0,
      "standard_deviation": 0
   }
}