{
   "cost": {
      "n": 1041,
      "min": 0.00013,
      "max": 0.00017,
      "sum": 0.1526500000000029,
      "mean": 0.0001466378482228627,
      "variance": 3.886959354274919e-10,
      "standard_deviation": 0.00001971537307350515
   },
   "throughput": {
      "n": 1041,
      "min": 0,
      "max": 16,
      "sum": 8820,
      "mean": 8.47262247838617,
      "variance": 34.30880858850526,
      "standard_deviation": 5.8573721572481
   },
   "thread": {
      "n": 1041,
      "min": 0,
      "max": 0,
      "sum": 0,
      "mean": 0,
      "variance": 0,
      "standard_deviation": 0
   }
}