{
   "cost": {
      "n": 1016,
      "min": 0.00013,
      "max": 0.00017,
      "sum": 0.1486400000000028,
      "mean": 0.00014629921259842532,
      "variance": 3.863041726083457e-10,
      "standard_deviation": 0.000019654622169055952
   },
   "throughput": {
      "n": 1016,
      "min": 0,
      "max": 18,
      "sum": 8624,
      "mean": 8.488188976377959,
      "variance": 33.3286006572013,
      "standard_deviation": 5.77309281557133
   },
   "thread": {
      "n": 1016,
      "min": 0,
      "max": 0,
      "sum": 0,
      "mean": 0,
      "variance": 0,
      "standard_deviation": 0
   }
}