{
   "PapamoscasElastic": {
      "error": 0.03777777777777778,
      "t1": 96.01142188510734,
      "t2": 96.36068148866626,
      "cost": 0.00022270533410530092
   },
   "PapamoscasElasticOnlyOneLevel": {
      "error": 0.12609375,
      "t1": 94.14710597937204,
      "t2": 94.06512125845686,
      "cost": 0.0001448386669948129
   },
   "PapamoscasElasticOnlyOneLevelPreProvisioned": {
      "error": 0,
      "t1": 99.99292621191276,
      "t2": 100,
      "cost": 0.00026999999999999746
   }
}