{
   "cost": {
      "n": 964,
      "min": 0.00027,
      "max": 0.00027,
      "sum": 0.26027999999999757,
      "mean": 0.00027,
      "variance": 0,
      "standard_deviation": 0
   },
   "throughput": {
      "n": 964,
      "min": 0,
      "max": 18,
      "sum": 8309,
      "mean": 8.61929460580912,
      "variance": 29.443237676692867,
      "standard_deviation": 5.426162334163332
   },
   "thread": {
      "n": 964,
      "min": 0,
      "max": 0,
      "sum": 0,
      "mean": 0,
      "variance": 0,
      "standard_deviation": 0
   }
}