{
   "cost": {
      "n": 965,
      "min": 0.0002,
      "max": 0.0003,
      "sum": 0.21664000000000072,
      "mean": 0.00022449740932642504,
      "variance": 8.18115278262501e-10,
      "standard_deviation": 0.00002860271452611624
   },
   "throughput": {
      "n": 965,
      "min": 0,
      "max": 18,
      "sum": 8405,
      "mean": 8.709844559585488,
      "variance": 29.093011892936726,
      "standard_deviation": 5.393793831148603
   },
   "thread": {
      "n": 965,
      "min": 0,
      "max": 0,
      "sum": 0,
      "mean": 0,
      "variance": 0,
      "standard_deviation": 0
   }
}