{
   "cost": {
      "n": 849,
      "min": 0.0002,
      "max": 0.0002,
      "sum": 0.1698000000000028,
      "mean": 0.0002,
      "variance": 0,
      "standard_deviation": 0
   },
   "throughput": {
      "n": 849,
      "min": -1,
      "max": 16,
      "sum": 5876,
      "mean": 6.921083627797418,
      "variance": 31.128047824572963,
      "standard_deviation": 5.579251546988446
   },
   "thread": {
      "n": 849,
      "min": 0,
      "max": 0,
      "sum": 0,
      "mean": 0,
      "variance": 0,
      "standard_deviation": 0
   }
}