{
   "cost": {
      "n": 1212,
      "min": 0.00013,
      "max": 0.00017,
      "sum": 0.16531999999999925,
      "mean": 0.00013640264026402616,
      "variance": 2.1511180821052285e-10,
      "standard_deviation": 0.000014666690431400086
   },
   "throughput": {
      "n": 1212,
      "min": 0,
      "max": 16,
      "sum": 6230,
      "mean": 5.14026402640264,
      "variance": 35.43577154745175,
      "standard_deviation": 5.952795271756937
   },
   "thread": {
      "n": 1212,
      "min": 0,
      "max": 0,
      "sum": 0,
      "mean": 0,
      "variance": 0,
      "standard_deviation": 0
   }
}