{
   "cost": {
      "n": 1454,
      "min": 0.00013,
      "max": 0.00017,
      "sum": 0.19661999999999713,
      "mean": 0.0001352269601100415,
      "variance": 1.8175729240968954e-10,
      "standard_deviation": 0.00001348173922050451
   },
   "throughput": {
      "n": 1454,
      "min": 0,
      "max": 17,
      "sum": 6234,
      "mean": 4.287482806052259,
      "variance": 32.14844029372079,
      "standard_deviation": 5.669959461382487
   },
   "thread": {
      "n": 1454,
      "min": 0,
      "max": 0,
      "sum": 0,
      "mean": 0,
      "variance": 0,
      "standard_deviation": 0
   }
}