{
   "cost": {
      "n": 220,
      "min": 0.00013,
      "max": 0.00017,
      "sum": 0.03192000000000003,
      "mean": 0.00014509090909090903,
      "variance": 3.759008264462823e-10,
      "standard_deviation": 0.00001938816201825955
   },
   "throughput": {
      "n": 220,
      "min": 0,
      "max": 15,
      "sum": 1640,
      "mean": 7.454545454545455,
      "variance": 17.702479338842974,
      "standard_deviation": 4.207431441965867
   },
   "thread": {
      "n": 220,
      "min": 0,
      "max": 0,
      "sum": 0,
      "mean": 0,
      "variance": 0,
      "standard_deviation": 0
   }
}