{
   "cost": {
      "n": 197,
      "min": 0.0002,
      "max": 0.00023,
      "sum": 0.04165000000000004,
      "mean": 0.00021142131979695427,
      "variance": 2.121930480043296e-10,
      "standard_deviation": 0.00001456684756576829
   },
   "throughput": {
      "n": 197,
      "min": 0,
      "max": 14,
      "sum": 1530,
      "mean": 7.7664974619289335,
      "variance": 21.458166920044313,
      "standard_deviation": 4.632296074307461
   },
   "thread": {
      "n": 197,
      "min": 0,
      "max": 0,
      "sum": 0,
      "mean": 0,
      "variance": 0,
      "standard_deviation": 0
   }
}