{
   "cost": {
      "n": 865,
      "min": 0.00013,
      "max": 0.0002,
      "sum": 0.1302200000000013,
      "mean": 0.00015054335260115606,
      "variance": 4.2640997026295653e-10,
      "standard_deviation": 0.000020649696614307835
   },
   "throughput": {
      "n": 865,
      "min": 0,
      "max": 17,
      "sum": 8806,
      "mean": 10.180346820809252,
      "variance": 16.32816866584249,
      "standard_deviation": 4.0408128719160565
   },
   "thread": {
      "n": 865,
      "min": 0,
      "max": 0,
      "sum": 0,
      "mean": 0,
      "variance": 0,
      "standard_deviation": 0
   }
}