{
   "cost": {
      "n": 876,
      "min": 0.00013,
      "max": 0.0002,
      "sum": 0.13831000000000207,
      "mean": 0.00015788812785388133,
      "variance": 3.881199047142456e-10,
      "standard_deviation": 0.000019700758988278742
   },
   "throughput": {
      "n": 876,
      "min": 0,
      "max": 16,
      "sum": 8980,
      "mean": 10.251141552511402,
      "variance": 13.53053522653825,
      "standard_deviation": 3.678387585143557
   },
   "thread": {
      "n": 876,
      "min": 0,
      "max": 0,
      "sum": 0,
      "mean": 0,
      "variance": 0,
      "standard_deviation": 0
   }
}