{
   "cost": {
      "n": 1768,
      "min": 0.00013,
      "max": 0.00017,
      "sum": 0.23263999999999502,
      "mean": 0.00013158371040723987,
      "variance": 6.08402776355933e-11,
      "standard_deviation": 0.000007800017797133113
   },
   "throughput": {
      "n": 1768,
      "min": 0,
      "max": 16,
      "sum": 4555,
      "mean": 2.5763574660633455,
      "variance": 21.68873967312299,
      "standard_deviation": 4.65711709892751
   },
   "thread": {
      "n": 1768,
      "min": 0,
      "max": 0,
      "sum": 0,
      "mean": 0,
      "variance": 0,
      "standard_deviation": 0
   }
}