{
   "cost": {
      "n": 841,
      "min": 0.00027,
      "max": 0.00027,
      "sum": 0.2270699999999985,
      "mean": 0.00027,
      "variance": 0,
      "standard_deviation": 0
   },
   "throughput": {
      "n": 841,
      "min": 0,
      "max": 16,
      "sum": 4613,
      "mean": 5.485136741973841,
      "variance": 28.21648538558225,
      "standard_deviation": 5.311919181010028
   },
   "thread": {
      "n": 841,
      "min": 0,
      "max": 0,
      "sum": 0,
      "mean": 0,
      "variance": 0,
      "standard_deviation": 0
   }
}