{
   "cost": {
      "n": 844,
      "min": 0.00027,
      "max": 0.00027,
      "sum": 0.22787999999999847,
      "mean": 0.00027,
      "variance": 0,
      "standard_deviation": 0
   },
   "throughput": {
      "n": 844,
      "min": 0,
      "max": 16,
      "sum": 8557,
      "mean": 10.138625592417055,
      "variance": 13.714195267401891,
      "standard_deviation": 3.7032681873450497
   },
   "thread": {
      "n": 844,
      "min": 0,
      "max": 0,
      "sum": 0,
      "mean": 0,
      "variance": 0,
      "standard_deviation": 0
   }
}