{
   "cost": {
      "n": 1098,
      "min": 0.0002,
      "max": 0.00027,
      "sum": 0.2429199999999997,
      "mean": 0.0002212386156648453,
      "variance": 7.088483448960043e-10,
      "standard_deviation": 0.000026624205995597395
   },
   "throughput": {
      "n": 1098,
      "min": 0,
      "max": 16,
      "sum": 7540,
      "mean": 6.867030965391629,
      "variance": 31.59434109375885,
      "standard_deviation": 5.62088436936385
   },
   "thread": {
      "n": 1098,
      "min": 0,
      "max": 0,
      "sum": 0,
      "mean": 0,
      "variance": 0,
      "standard_deviation": 0
   }
}