{
   "cost": {
      "n": 843,
      "min": 0.00027,
      "max": 0.00027,
      "sum": 0.22760999999999848,
      "mean": 0.00027,
      "variance": 0,
      "standard_deviation": 0
   },
   "throughput": {
      "n": 843,
      "min": 0,
      "max": 16,
      "sum": 7458,
      "mean": 8.846975088967977,
      "variance": 22.60647661503784,
      "standard_deviation": 4.754626863912439
   },
   "thread": {
      "n": 843,
      "min": 0,
      "max": 0,
      "sum": 0,
      "mean": 0,
      "variance": 0,
      "standard_deviation": 0
   }
}