{
   "PapamoscasElastic": {
      "error": 0.07051282051282051,
      "t1": 98.37525501505657,
      "t2": 97.1828419204159,
      "cost": 0.0002030612244897953
   },
   "PapamoscasElasticOnlyOneLevel": {
      "error": 0.002564102564102564,
      "t1": 99.99450079231852,
      "t2": 99.9981684981685,
      "cost": 0.0001342857142857148
   },
   "PapamoscasElasticOnlyOneLevelPreProvisioned": {
      "error": 0,
      "t1": 100,
      "t2": 100,
      "cost": 0.0002699999999999995
   }
}