{
   "PapamoscasElastic": {
      "error": 0.026255144032921812,
      "t1": 97.67764897530351,
      "t2": 98.22502383013921,
      "cost": 0.00021255858356828986
   },
   "PapamoscasElasticOnlyOneLevel": {
      "error": 0.032839506172839504,
      "t1": 97.54691331160247,
      "t2": 97.33116513947262,
      "cost": 0.00014121291405924628
   },
   "PapamoscasElasticOnlyOneLevelPreProvisioned": {
      "error": 0.0001234567901234568,
      "t1": 100,
      "t2": 99.39855372194046,
      "cost": 0.00026999999999999914
   }
}