{
   "cost": {
      "n": 1460,
      "min": 0.00013,
      "max": 0.00017,
      "sum": 0.20091999999999788,
      "mean": 0.00013761643835616418,
      "variance": 2.466474010133231e-10,
      "standard_deviation": 0.00001570501197112957
   },
   "throughput": {
      "n": 1460,
      "min": 0,
      "max": 18,
      "sum": 7162,
      "mean": 4.905479452054783,
      "variance": 37.76229874272836,
      "standard_deviation": 6.1451036397060355
   },
   "thread": {
      "n": 1460,
      "min": 0,
      "max": 0,
      "sum": 0,
      "mean": 0,
      "variance": 0,
      "standard_deviation": 0
   }
}