{
   "cost": {
      "n": 774,
      "min": 0.00013,
      "max": 0.00017,
      "sum": 0.11074000000000252,
      "mean": 0.00014307493540051687,
      "variance": 3.520434802929853e-10,
      "standard_deviation": 0.00001876282175721406
   },
   "throughput": {
      "n": 774,
      "min": 0,
      "max": 17,
      "sum": 7089,
      "mean": 9.158914728682172,
      "variance": 28.39722672916288,
      "standard_deviation": 5.32890483393754
   },
   "thread": {
      "n": 774,
      "min": 0,
      "max": 0,
      "sum": 0,
      "mean": 0,
      "variance": 0,
      "standard_deviation": 0
   }
}