{
   "cost": {
      "n": 228,
      "min": 0.0002,
      "max": 0.00023,
      "sum": 0.04592999999999986,
      "mean": 0.00020144736842105264,
      "variance": 4.1326177285318553e-11,
      "standard_deviation": 0.00000642854394752953
   },
   "throughput": {
      "n": 228,
      "min": 0,
      "max": 14,
      "sum": 1560,
      "mean": 6.842105263157895,
      "variance": 22.87857802400739,
      "standard_deviation": 4.783155655423247
   },
   "thread": {
      "n": 228,
      "min": 0,
      "max": 0,
      "sum": 0,
      "mean": 0,
      "variance": 0,
      "standard_deviation": 0
   }
}