{
   "cost": {
      "n": 193,
      "min": 0.0002,
      "max": 0.00023,
      "sum": 0.040310000000000006,
      "mean": 0.000208860103626943,
      "variance": 1.8730167252812132e-10,
      "standard_deviation": 0.00001368582012625189
   },
   "throughput": {
      "n": 193,
      "min": 0,
      "max": 16,
      "sum": 1570,
      "mean": 8.134715025906734,
      "variance": 20.04402802759806,
      "standard_deviation": 4.477055732018316
   },
   "thread": {
      "n": 193,
      "min": 0,
      "max": 0,
      "sum": 0,
      "mean": 0,
      "variance": 0,
      "standard_deviation": 0
   }
}