{
   "cost": {
      "n": 182,
      "min": 0.00027,
      "max": 0.00027,
      "sum": 0.04913999999999991,
      "mean": 0.00027,
      "variance": 0,
      "standard_deviation": 0
   },
   "throughput": {
      "n": 182,
      "min": 0,
      "max": 16,
      "sum": 1396,
      "mean": 7.670329670329667,
      "variance": 18.264943847361437,
      "standard_deviation": 4.2737505597965635
   },
   "thread": {
      "n": 182,
      "min": 0,
      "max": 0,
      "sum": 0,
      "mean": 0,
      "variance": 0,
      "standard_deviation": 0
   }
}