{
   "cost": {
      "n": 843,
      "min": 0.0002,
      "max": 0.00027,
      "sum": 0.18297000000000094,
      "mean": 0.00021704626334519573,
      "variance": 5.994604931548513e-10,
      "standard_deviation": 0.000024483882313776368
   },
   "throughput": {
      "n": 843,
      "min": 0,
      "max": 16,
      "sum": 7409,
      "mean": 8.788849347568217,
      "variance": 24.18554588833587,
      "standard_deviation": 4.917880223057072
   },
   "thread": {
      "n": 843,
      "min": 0,
      "max": 0,
      "sum": 0,
      "mean": 0,
      "variance": 0,
      "standard_deviation": 0
   }
}