{
   "cost": {
      "n": 1505,
      "min": 0.00013,
      "max": 0.00017,
      "sum": 0.19988999999999685,
      "mean": 0.0001328172757475084,
      "variance": 1.0475398726283435e-10,
      "standard_deviation": 0.000010234939533911978
   },
   "throughput": {
      "n": 1505,
      "min": 0,
      "max": 19,
      "sum": 6161,
      "mean": 4.093687707641204,
      "variance": 34.50351497224095,
      "standard_deviation": 5.873969268922076
   },
   "thread": {
      "n": 1505,
      "min": 0,
      "max": 0,
      "sum": 0,
      "mean": 0,
      "variance": 0,
      "standard_deviation": 0
   }
}