{
   "cost": {
      "n": 1128,
      "min": 0.00013,
      "max": 0.00017,
      "sum": 0.15084000000000017,
      "mean": 0.00013372340425531898,
      "variance": 1.3507243096423725e-10,
      "standard_deviation": 0.000011622066553080707
   },
   "throughput": {
      "n": 1128,
      "min": 0,
      "max": 16,
      "sum": 6349,
      "mean": 5.628546099290774,
      "variance": 40.070355332981244,
      "standard_deviation": 6.330114954167993
   },
   "thread": {
      "n": 1128,
      "min": 0,
      "max": 0,
      "sum": 0,
      "mean": 0,
      "variance": 0,
      "standard_deviation": 0
   }
}