{
   "cost": {
      "n": 843,
      "min": 0.00027,
      "max": 0.00027,
      "sum": 0.22760999999999848,
      "mean": 0.00027,
      "variance": 0,
      "standard_deviation": 0
   },
   "throughput": {
      "n": 843,
      "min": 0,
      "max": 16,
      "sum": 7561,
      "mean": 8.969157769869522,
      "variance": 34.80569169871484,
      "standard_deviation": 5.89963487842382
   },
   "thread": {
      "n": 843,
      "min": 0,
      "max": 0,
      "sum": 0,
      "mean": 0,
      "variance": 0,
      "standard_deviation": 0
   }
}